%YAML:1.0
---
comment_K_L: "左相机内参矩阵 (fx, fy, cx, cy)"
K_L: !!opencv-matrix
   rows: 3
   cols: 3
   dt: d
   data: [ 409.98765475210246, 0., 178.21904196549778, 0.,
       412.97382997883199, 284.26560397412567, 0., 0., 1. ]
comment_D_L: "左相机畸变系数 (k1, k2, p1, p2, k3)"
D_L: !!opencv-matrix
   rows: 1
   cols: 5
   dt: d
   data: [ 0.27574508639430095, -0.53458227415612336,
       0.0013947404303135179, 0.0027978312147338715, 0.49982333720404737 ]
comment_K_R: "右相机内参矩阵 (fx, fy, cx, cy)"
K_R: !!opencv-matrix
   rows: 3
   cols: 3
   dt: d
   data: [ 404.39899532741481, 0., 211.28946731229695, 0.,
       407.89190061064937, 298.33710308154218, 0., 0., 1. ]
comment_D_R: "右相机畸变系数 (k1, k2, p1, p2, k3)"
D_R: !!opencv-matrix
   rows: 1
   cols: 5
   dt: d
   data: [ 0.32215021334539323, -0.73343417978397729,
       0.00050630539404385329, -0.009797680591245873,
       0.86258282772988659 ]
comment_R: "从左相机到右相机的旋转矩阵 (外参)"
R: !!opencv-matrix
   rows: 3
   cols: 3
   dt: d
   data: [ 0.9995492706550122, 0.001301155226897411,
       0.029992707915567907, -0.00077357378559805238, 0.9998448928786241,
       -0.017595220036447555, -0.030010949945499688,
       0.017564087781843027, 0.99939523998454205 ]
comment_T: "从左相机到右相机的平移向量 (外参, 基线)"
T: !!opencv-matrix
   rows: 3
   cols: 1
   dt: d
   data: [ -23.478498912921445, 2.2610114296758277, -4.732483135461937 ]
comment_E: "本质矩阵"
E: !!opencv-matrix
   rows: 3
   cols: 3
   dt: d
   data: [ -0.071516025736582181, 4.7714616968524126, 2.1763749782814363,
       -5.4349621221092796, 0.40622072072454818, 23.322360071158677,
       -2.2418299741908916, -23.47779915738063, 0.34529549909431989 ]
comment_F: "基础矩阵"
F: !!opencv-matrix
   rows: 3
   cols: 3
   dt: d
   data: [ 8.0085358795649133e-07, -5.3045609494490744e-05,
       0.0049442727072606775, 6.034082748235926e-05,
       -4.4773913979954472e-06, -0.11564040864535562,
       -0.0080188651687797593, 0.11809550418079484, 1. ]
comment_R1: "左相机的校正旋转矩阵"
R1: !!opencv-matrix
   rows: 3
   cols: 3
   dt: d
   data: [ 0.96967423871866154, -0.089245237839493424,
       0.22752397299703689, 0.091072790576838869, 0.9958411624056851,
       0.002475090915716475, -0.22679862782197643, 0.018321211244512615,
       0.97376933389617615 ]
comment_P1: "左相机在校正坐标系下的投影矩阵"
P1: !!opencv-matrix
   rows: 3
   cols: 4
   dt: d
   data: [ 811.33038316762622, 0., 84.190070152282715, 0., 0.,
       811.33038316762622, 282.64848518371582, 0., 0., 0., 1., 0. ]
comment_R2: "右相机的校正旋转矩阵"
R2: !!opencv-matrix
   rows: 3
   cols: 3
   dt: d
   data: [ 0.97594511624239155, -0.093984844207647814,
       0.19671801936245914, 0.092401720010119287, 0.99557269905699297,
       0.017231454713563785, -0.19746658507655471, 0.0013601292726206429,
       0.98030867476859829 ]
comment_P2: "右相机在校正坐标系下的投影矩阵"
P2: !!opencv-matrix
   rows: 3
   cols: 4
   dt: d
   data: [ 811.33038316762622, 0., 84.190070152282715,
       -19518.330695237757, 0., 811.33038316762622, 282.64848518371582,
       0., 0., 0., 1., 0. ]
comment_Q: "重投影矩阵 (4x4)，用于从视差计算三维坐标"
Q: !!opencv-matrix
   rows: 4
   cols: 4
   dt: d
   data: [ 1., 0., 0., -84.190070152282715, 0., 1., 0.,
       -282.64848518371582, 0., 0., 0., 811.33038316762622, 0., 0.,
       0.041567611279666523, 0. ]
